	n_filters=5	n_filters=10	n_filters=15	n_filters=20	n_filters=25	n_filters=30	n_filters=35
kernel=(2, 2)	41.740869600000224	47.79416979999951	54.42166519999955	64.1965010999993	72.91112440000143	79.56213650000063	93.60656279999967
kernel=(3, 3)	41.12623699999858	50.99973300000056	58.15440260000105	70.59254259999943	80.34680149999986	90.03068069999972	108.95685090000006
kernel=(4, 4)	43.255396000000474	51.76281510000081	62.22459320000053	78.65555250000034	92.15761360000033	101.78857000000062	124.57150900000124
kernel=(5, 5)	44.12127740000142	54.26447570000164	63.85159120000026	86.38857960000314	103.73006469999746	118.09822409999833	151.67902850000246
kernel=(6, 6)	46.16720279999936	57.65753240000049	68.47321079999892	96.67511269999886	117.1568746999983	133.79867530000047	179.50780920000034
