	n_filters=5	n_filters=10	n_filters=15	n_filters=20	n_filters=25	n_filters=30	n_filters=35
kernel=(2, 2)	0.819327712059021	0.8493397235870361	0.860744297504425	0.8727490901947021	0.8463385105133057	0.8637455105781555	0.8673469424247742
kernel=(3, 3)	0.8541416525840759	0.8679471611976624	0.8583433628082275	0.8643457293510437	0.8703481554985046	0.8553421497344971	0.8787515163421631
kernel=(4, 4)	0.8541416525840759	0.8547418713569641	0.8571428656578064	0.8505402207374573	0.8619447946548462	0.871548593044281	0.871548593044281
kernel=(5, 5)	0.842737078666687	0.848139226436615	0.8505402207374573	0.866746723651886	0.8643457293510437	0.8547418713569641	0.8619447946548462
kernel=(6, 6)	0.842737078666687	0.8475390076637268	0.8589435815811157	0.8571428656578064	0.8571428656578064	0.8757503032684326	0.8685474395751953
