	eta=0.0001	eta=0.00017782794100389227	eta=0.00031622776601683794	eta=0.0005623413251903491	eta=0.001
n_filters=30	675.7603354999992	675.3556699000001	695.0630204000008	696.2823869000022	716.065179600002
n_filters=35	893.4953744000013	843.3985672999988	827.7218787999991	844.2530927000007	855.1012652999998
n_filters=40	909.9529070999997	908.9624709999989	929.6559228000006	944.0193380000019	997.5517909000009
