	epochs=20	epochs=40	epochs=60	epochs=80	epochs=100
eta=1e-05	0.7629051804542542	0.8007202744483948	0.819927990436554	0.8289315700531006	0.8361344337463379
eta=0.0001	0.848739504814148	0.8565425872802734	0.8541416525840759	0.8655462265014648	0.8679471611976624
eta=0.001	0.8655462265014648	0.8679471611976624	0.8637455105781555	0.8565425872802734	0.8643457293510437
eta=0.01	0.8043217062950134	0.7935174107551575	0.7815126180648804	0.7989195585250854	0.7977190613746643
