	eta=0.0001	eta=0.00017782794100389227	eta=0.00031622776601683794	eta=0.0005623413251903491	eta=0.001
n_filters=30	0.9071000218391418	0.9042999744415283	0.9041000008583069	0.9016000032424927	0.890999972820282
n_filters=35	0.9079999923706055	0.9070000052452087	0.9038000106811523	0.9060999751091003	0.8842999935150146
n_filters=40	0.9100000262260437	0.90829998254776	0.9088000059127808	0.9014000296592712	0.8930000066757202
