	epochs=20	epochs=40	epochs=60	epochs=80	epochs=100
eta=1e-05	27.097596700000054	50.311730599999976	74.74275650000004	101.66467779999994	121.79808200000002
eta=0.0001	25.795119	50.03011890000005	74.7797319	101.15896650000002	124.21919790000015
eta=0.001	29.57942129999992	51.37291460000006	88.32599059999984	118.65421349999997	150.65617859999998
eta=0.01	29.260615499999858	59.603154700000005	85.8036869	115.549892	148.85711319999996
