	neurons=20	neurons=30	neurons=40	neurons=50
n_layers=2	28.717772899995907	29.01934669999173	30.41189139999915	35.35476280000876
n_layers=3	31.751193800009787	29.974249300008523	30.794783699995605	43.41500019999512
n_layers=4	32.30355739999504	34.3289078999951	31.956738500011852	33.25972180000099
