	epochs=40	epochs=50	epochs=60	epochs=70	epochs=80
eta=1e-05	0.790516197681427	0.8031212687492371	0.8109243512153625	0.8175269961357117	0.819327712059021
eta=0.0001	0.8547418713569641	0.8583433628082275	0.8577430844306946	0.8565425872802734	0.8565425872802734
eta=0.001	0.831932783126831	0.8235294222831726	0.831932783126831	0.8415366411209106	0.8409363627433777
eta=0.01	0.8313325047492981	0.8313325047492981	0.8295317888259888	0.8169267773628235	0.819927990436554
