	epochs=40	epochs=50	epochs=60	epochs=70	epochs=80
eta=1e-05	24.88980829999491	28.32094930000312	32.49454450000485	36.797672800006694	43.602315900003305
eta=0.0001	22.258046400005696	26.676548700008425	37.43353300000308	43.89955679999548	47.03365230000054
eta=0.001	23.81974380000611	29.654255600005854	43.70576690000598	41.04502109999885	44.76744399999734
eta=0.01	24.918404900003225	30.96116219999385	34.186769400010235	41.42803240001376	45.293519099999685
