	neurons=20	neurons=30	neurons=40	neurons=50
n_layers=2	0.8457382917404175	0.8583433628082275	0.8541416525840759	0.8523409366607666
n_layers=3	0.842737078666687	0.8529411554336548	0.8595438003540039	0.8595438003540039
n_layers=4	0.8391356468200684	0.8601440787315369	0.8595438003540039	0.8613445162773132
