	epochs=50	epochs=150	epochs=250	epochs=350	epochs=450
eta=0.0001	0.503001200480192	0.6728691476590636	0.7364945978391356	0.7689075630252101	0.7911164465786314
eta=0.001	0.723889555822329	0.8157262905162065	0.8241296518607443	0.8175270108043218	0.8223289315726291
eta=0.01	0.8301320528211285	0.8187274909963985	0.8241296518607443	0.8325330132052821	0.8217286914765907
eta=0.1	0.7286914765906363	0.620048019207683	0.5468187274909964	0.5840336134453782	0.5438175270108043
