	epochs=50	epochs=150	epochs=250	epochs=350	epochs=450
eta=0.0001	13.964148700004444	41.81374579999829	71.8307344999921	96.9878241999977	114.42718430000241
eta=0.001	13.131226199999219	38.4552199000027	69.51534779999929	88.98991139999998	115.71928099999786
eta=0.01	15.085019099991769	45.569368600001326	74.22168870001042	103.4127473999979	133.14101479999954
eta=0.1	27.37579660001211	83.26712079999561	139.7259808999952	204.64428799999587	263.5366559999966
