	neurons=20	neurons=30	neurons=40	neurons=50
n_layers=2	12.155304999999998	15.990439500000093	18.985506300000225	18.96625750000021
n_layers=3	16.060359600000083	17.213409200000115	25.617034400000193	26.245414499999924
n_layers=4	24.777486599999975	22.37177040000006	19.858743600000025	25.56890300000009
