	neurons=20	neurons=30	neurons=40	neurons=50
n_layers=2	0.7977190876350541	0.8301320528211285	0.8325330132052821	0.8241296518607443
n_layers=3	0.6446578631452581	0.8037214885954381	0.7569027611044418	0.7965186074429772
n_layers=4	0.7244897959183674	0.7713085234093637	0.7689075630252101	0.7743097238895558
