	epochs=50	epochs=60	epochs=70	epochs=80	epochs=90
eta=1e-05	0.7659063339233398	0.7737094759941101	0.7833133339881897	0.7863145470619202	0.7941176295280457
eta=0.0001	0.8295317888259888	0.8349339962005615	0.8361344337463379	0.8361344337463379	0.8367347121238708
eta=0.001	0.8259303569793701	0.8295317888259888	0.831932783126831	0.831932783126831	0.8343337178230286
eta=0.01	0.7785114049911499	0.7815126180648804	0.7647058963775635	0.7707082629203796	0.772508978843689
