	epochs=50	epochs=60	epochs=70	epochs=80	epochs=90
eta=1e-05	26.274174799997127	28.777913300000364	33.64946869999403	38.1425040000031	42.5876666999975
eta=0.0001	24.852905300009297	36.77326489999541	40.185506399997394	49.6707802000019	49.25666959999944
eta=0.001	25.49372339999536	29.53795209999953	36.520513800001936	48.505663200005074	49.22888049999892
eta=0.01	28.9968882999965	29.607433900004253	35.72211950000201	40.43514309999591	47.29759780000313
