	epochs=50	epochs=250	epochs=450	epochs=650	epochs=850
eta=0.0001	6.911599099999876	30.623984399993788	53.99763410000014	85.55915539999842	115.14197820000118
eta=0.001	6.592210100003285	32.47263390000444	60.84728819999145	82.31051190001017	109.92604819999542
eta=0.01	6.409868700007792	30.77191410001251	55.719840699995984	84.84863159999077	111.61419800001022
eta=0.1	7.322436999995261	32.325489599999855	62.907655000002705	90.13659069999994	115.44233559998975
