	epochs=50	epochs=250	epochs=450	epochs=650	epochs=850
eta=0.0001	0.48259303721488594	0.7503001200480192	0.7899159663865546	0.7965186074429772	0.8037214885954381
eta=0.001	0.7533013205282113	0.8145258103241296	0.8229291716686674	0.8337334933973589	0.8217286914765907
eta=0.01	0.8001200480192077	0.8259303721488596	0.819327731092437	0.8055222088835534	0.8181272509003601
eta=0.1	0.7725090036014406	0.8109243697478992	0.787515006002401	0.7755102040816326	0.7190876350540216
